$ANSIBLE_VAULT;1.1;AES256
33656134653666383036666634626134666434656435633765613833346666366630666434366563
6463333336363136633938303663316635306663383636370a306435346436366630326634373632
37613539353962663430366231313637373263636535366533343162313862616631343836303237
3261353237396535650a616430633434343762653536663238353461633861623233376534613264
62333935326539353833393738663966326261383239366163313339663737396363623238353266
35323238333264316438663030616434333037323462373134343161346663343831373061323838
34303364396264323035626466633966323339633236366137613864396661353865393462643336
63636138376666306435396333343937326230356362303230393764376432666333623535623766
35633665656431353761306164343635613731633033393539333333303733666265376161343661
33373966333033376639323034356339303130383738323461633364383461653137353061656337
62323535343266656633313030643365313962633961653761633537636637646439616666363435
66633661396663363566313335633939383139333839343466316636393838636564636234323831
32393534356163303034616161653437323663313539663162343637353335393164366162306561
36326264656364383766326439303963656131303234626566346231393563393465343864636164
35303361316130356263633735626238393130333333653962303461346338633339613462646336
62636232653734343636373037343230613161323161343730333238323236636630353031393162
35366130623163313036633136333037633330353335346164323137383031363161373830616262
63663665343764346138346233613666643430666563653339643266643532373862626333663438
62333861356362393137336633353065366133626161363039313638656438323933643430353534
36653166663663376162343034646438393261303366376632303134613064633935636566333066
38363764366264363436383964666562643230363834323363383533653833366163373130316664
32613838313634656238336233306332313238653637623838356461363237333465383237353830
32613636346330353537346465643865303066616163373938646665386530663561613264353330
65383465663031313266346539633532393035646334303737316439323337353663366436383531
66323662613439626537366235623565663636666534313266306630373964636165613833343236
39323364313438613865343463343235613066323936373038393336383632663063666636356437
63346161346233643765646365346539353334636138666333336465343731613135663238393962
37636538366539353132373432373765343636636139303632376564633238353532663131633130
34636439653335626335636137653762373437383761353339323663373434663565313838313630
66393135373138653533303332616136336233373065383038636235356637653134396338636562
64323335633266666266666161613436616237393966653136323532383939323464303365346165
33643436643030633634383965346261643632326161623632396233373131393766363238333561
63653939333636383565373436356266346139313832663863343364373762353534663437323332
30653466626262386364313434646234616362653165376663636139613438373331336461313538
34323833636666616230336339616265373061386661353231313835376166626530333561356466
30623034623231663230363534323630326539636563393561323762396538623732373561373534
66313033346231633237633233386333623537336337643939323136626535653661616232376466
35393532393639643464373437353636353236353338316164373938376364646166343666396161
64356330353062623137376263313437336337343031653035613435626338383938623065303762
65643330376438313565306439363335623733636364373730613634396634343030343062656133
33393533343630326463353261663330613938613661623539663163636330616433333165336333
61656331643530366236373334373265663961303931326534636263383836376333383830353864
61363465663539383031376537316135356265623738383265373136356435376334633038663265
31393530633631633636636636323331336663373263356333653466333464313732333338616336
35306438663635666633653463356231313537666337646237633634313061306432646161303561
34363936663632623162353965396166383530306430386230393365623963393338666465316337
66646461356232383465623839633362316132613439383832386163336639386566383530323963
66313964386466666364636235393832303437353466343863663636663765633266336563343536
39346633386538326532636663666466313932333734353937313865653733383431626166666332
62333037316236343265666561326430396336363336666565353431653535326635363031663833
36326432616461653461396533616231656630393530316465386363326263373761633230313138
36376339363963616231623236313665346436316461363163336235396561636361306365653561
38306162656536643737666337663139613566323939636238383265383837343637623931643830
37323536623862643937396363386436323933643162613338643530643734363138656164643536
61613863343864633031373166353764303734366136383965633833383862363331346436383734
39336133616564353062376534326638373734653862306165633336373230666563643563353463
33643065643362333064626565303832386638383062613739363531393738383138323932326533
61393464666338333231303564663661623530663836303030666637643835316264313236356462
38663565643436333731333037643063356633613265666531613031396266353636663333646266
31663538366563303638323339393434353339396130653733383438396530633039643262363336
62616563333063633033333137373561376235313938613062333839393235346236616239656236
65386133343161386532363966613266396666386236336361343637616235356633653064333362
36366161633635346635633031613463393136333239663066346539663161636665353037663266
33366235356131386335353034626233663930333564333235396436316465326463333732666637
63306366623830383439323633363230663239633238656164383864303136313161613964343539
37393830663930353735373131643065376266393930396231326433306662303039633539323236
65343938363832316435313762363437363333653065346262646466396637326238333933643435
37333736656233616536343130343461363039393436306236343938353563616238636534383832
35626231376235643538366630363433383030326263383735613637303838363063333364336131
64623632626433616632396262363663643766626334356662373764613533633234353230303361
65386332656331633935356332366331643334316461636364623061313737306230613139653839
31653937376462636137
