$ANSIBLE_VAULT;1.1;AES256
65656334643131306366646439623236303536353134653462393932376334386337663235323332
6562373730633436626138656534353862313833316538310a626235363462383235623938316464
39313436343232653630343539353833373438653135363436373765643865343962343239346332
3066383962336138660a626237613963653937643930346435316539653937363033313061653961
32663335636237653966303237363463386534626166613135643565333332336539363965373264
34666532646366646635303166653938616366663466346232663336653838323035633935623363
30343464303765313333376264306334383035653136333464656233313664623339636363633565
34663337356566613366353532636235343035366138636262666138663138303064393465313838
33333932383466376563643930326561303236623339336434636534333633616362663938616131
37396534316632666165636166343836613265363531343535363231663865656437633934653731
63353637363464303062643138393031313636343133306361383466666630646338366262346163
35356131653633633165656165383238313730663535363934633639666335343862636666313338
36376535396436363530323033373266636665623465613637653637396331623834646666643733
65626562623161643463313133613436306562396533363237613634333237383634393065336665
62373432626331383365666237663136333332336338653431316561326139646234346237323236
37633535356666316635376462343936366337363434663663373234623532303661363636653965
34656363313334616236313661343736633961663836376339383662663535393030643965643531
36343233313364656632336632323466363334323638653037643137353831353331393863616234
383332356537313136306236366231396233
