$ANSIBLE_VAULT;1.1;AES256
63633636316331316133636337663535326135393238383033363036363431633466646533626433
3736313664646136383062383236633439393432333435610a313032393337303166316662373338
34356239393332613438373436633061313233303038656336373430396166653337663131333864
6532616264626263300a373561626134626564326536653563386332636230313033636536313231
32623866363531373465623136616437616265626666613563643335613134373263303937666666
35653962666532626431383362653231343431366566366362373935636331373237306664663665
64373030323539306132313464356332336638633530353766626365326634653435363562336362
36326564326138343766353235323133383266333465616437386163346338363765666164383433
61303064626532326436616634643836666365313065613564313731636535353531353564333633
65323137336337623833343631653661666231633231373937653564646139393334663933353730
33323436666661303966326462363338373030623035653930393963623161383636613461623538
30396136326235343535336337366666656238323635376261373166646134396433666262393266
39323138393535383633376661623135393537623461366139633063386361646265343030663764
36636239393030393833613562323130343163303333653334356564326231613039373535336231
63653634646162656337373664376161356138313665616533316162356165366536343438363638
33343432366431623166623166323439613032643166653639316637346439623435353739623536
61366266356661353937383261303764306634656530383733383932363262666464
